{
  "GlobalObjectId_V1-2-3b781b3a047872b4da28173c2484b1c4-1763486870-0": {
    "GameObjectId": "GlobalObjectId_V1-2-3b781b3a047872b4da28173c2484b1c4-1763486870-0",
    "SectionColorRed": 1.0,
    "SectionColorGreen": 0.5,
    "SectionColorBlue": 0.833333254,
    "SectionAltColorRed": 0.5,
    "SectionAltColorGreen": 0.125,
    "SectionAltColorBlue": 0.37499994
  },
  "GlobalObjectId_V1-2-3b781b3a047872b4da28173c2484b1c4-69438359-0": {
    "GameObjectId": "GlobalObjectId_V1-2-3b781b3a047872b4da28173c2484b1c4-69438359-0",
    "SectionColorRed": 0.0,
    "SectionColorGreen": 0.0,
    "SectionColorBlue": 0.0,
    "SectionAltColorRed": 0.0,
    "SectionAltColorGreen": 0.0,
    "SectionAltColorBlue": 0.0
  },
  "GlobalObjectId_V1-2-3b781b3a047872b4da28173c2484b1c4-733387550-0": {
    "GameObjectId": "GlobalObjectId_V1-2-3b781b3a047872b4da28173c2484b1c4-733387550-0",
    "SectionColorRed": 1.0,
    "SectionColorGreen": 0.5,
    "SectionColorBlue": 0.5,
    "SectionAltColorRed": 0.5,
    "SectionAltColorGreen": 0.125,
    "SectionAltColorBlue": 0.125
  },
  "GlobalObjectId_V1-2-3b781b3a047872b4da28173c2484b1c4-673219603-0": {
    "GameObjectId": "GlobalObjectId_V1-2-3b781b3a047872b4da28173c2484b1c4-673219603-0",
    "SectionColorRed": 0.5,
    "SectionColorGreen": 1.0,
    "SectionColorBlue": 0.5,
    "SectionAltColorRed": 0.125,
    "SectionAltColorGreen": 0.5,
    "SectionAltColorBlue": 0.125
  }
}