{
  "GlobalObjectId_V1-2-b09135583e463d749bbca4ba95487362-1161802758-0": {
    "GameObjectId": "GlobalObjectId_V1-2-b09135583e463d749bbca4ba95487362-1161802758-0",
    "SectionColorRed": 0.0,
    "SectionColorGreen": 0.0,
    "SectionColorBlue": 0.0,
    "SectionAltColorRed": 0.0,
    "SectionAltColorGreen": 0.0,
    "SectionAltColorBlue": 0.0
  },
  "GlobalObjectId_V1-2-b09135583e463d749bbca4ba95487362-492308224-0": {
    "GameObjectId": "GlobalObjectId_V1-2-b09135583e463d749bbca4ba95487362-492308224-0",
    "SectionColorRed": 0.8333335,
    "SectionColorGreen": 0.5,
    "SectionColorBlue": 1.0,
    "SectionAltColorRed": 0.375000119,
    "SectionAltColorGreen": 0.125,
    "SectionAltColorBlue": 0.5
  },
  "GlobalObjectId_V1-2-b09135583e463d749bbca4ba95487362-1494933771-0": {
    "GameObjectId": "GlobalObjectId_V1-2-b09135583e463d749bbca4ba95487362-1494933771-0",
    "SectionColorRed": 1.0,
    "SectionColorGreen": 0.8333334,
    "SectionColorBlue": 0.5,
    "SectionAltColorRed": 0.5,
    "SectionAltColorGreen": 0.375,
    "SectionAltColorBlue": 0.125
  }
}